state = {
	id = 12
	name = "STATE_12"
	resources = {
		oil = 8
		aluminium = 8
		rubber = 8
		tungsten = 8
		steel = 8
		chromium = 8
	}
	history = {
		owner = KAS
		add_core_of = KAS
		victory_points = {
			150 10
		}
		victory_points = { 6269 5 }
		buildings = {
			infrastructure = 3
			industrial_complex = 2
			arms_factory = 1
			6269 = {
				naval_base = 5
			}
		}
	}
	provinces = {
		53 66 72 74 111 129 148 150 176 222 292 408 452 461 507 527 547 576 634 644 690 705 706 733 827 871 874 894 920 948 959 970 1072 1093 1135 1139 1157 1162 1166 1202 1273 1275 1296 1312 1330 1375 1428 1434 1466 1562 1590 1614 1626 1634 1635 1742 1743 1798 1806 1849 1868 1944 1951 1978 2036 2081 2084 2126 2150 2154 2156 2182 2239 2240 2255 2277 2281 2285 2289 2348 2349 2353 2365 2412 2472 2475 2484 2563 2614 2660 2707 2799 2846 2918 2976 3008 3018 3042 3106 3107 3183 3236 3249 3270 3312 3431 3490 3507 3551 3636 3640 3652 3665 3671 3710 3742 3762 3791 3803 3853 3913 3954 3956 3976 4000 4090 4096 4097 4114 4315 4323 4344 4541 4584 4617 4627 4643 4646 4669 4674 4696 4716 4723 4807 4875 4932 5007 5014 5043 5088 5093 5096 5267 5319 5383 5445 5518 5564 5569 5769 5771 5776 5788 5789 5799 5800 5801 5802 5812 5830 5831 5832 5838 5849 5852 5853 5862 5866 5871 5874 5882 5885 5899 5907 5909 5913 5921 5932 5934 5936 5941 5954 5962 5966 5980 5988 6000 6001 6008 6009 6023 6032 6036 6040 6044 6045 6048 6069 6075 6076 6087 6088 6094 6104 6114 6119 6123 6124 6130 6156 6157 6158 6159 6173 6175 6178 6185 6186 6189 6198 6199 6205 6224 6231 6236 6239 6244 6245 6251 6260 6267 6269 6270 6273 6274 6276 6287 6288 6292 6295 6302 6309 6315 6316 6317 6328 6339 6348 6361 6389 6396 6403 6404 6426 6432 6444 6453 6470 6475 6479 6510 6515 6522 6544 6576 2374 6347 6388 6399
	}
	buildings_max_level_factor = 1.000
	manpower = 4498875
	state_category = town
}
