state = {
	id = 13
	name = "STATE_13"
	resources = {
		oil = 8
		aluminium = 8
		rubber = 8
		tungsten = 8
		steel = 8
		chromium = 8
	}
	history = {
		owner = KAS
		add_core_of = KAS
		victory_points = {
			2471 10
		}
		victory_points = { 5813 5 }
		buildings = {
			infrastructure = 3
			industrial_complex = 2
			arms_factory = 1
			5813 = {
				naval_base = 5
			}
		}
	}
	provinces = {
		54 113 133 175 192 205 323 326 488 537 604 700 750 830 834 903 905 926 1007 1021 1046 1058 1096 1172 1360 1367 1369 1520 1629 1637 1731 1734 1776 1822 1857 1884 1992 2023 2043 2130 2184 2266 2275 2282 2362 2406 2471 2659 2687 2745 2765 2784 2861 2903 2945 2968 2994 3002 3003 3075 3167 3195 3197 3352 3362 3392 3400 3410 3522 3570 3604 3702 3730 3737 3795 3865 3879 3923 3967 3990 4009 4044 4065 4082 4128 4145 4148 4189 4207 4244 4261 4321 4326 4552 4572 4595 4606 4611 4698 4781 4794 4856 4868 4921 4990 5162 5353 5387 5424 5426 5580 5581 5748 5753 5768 5778 5782 5796 5806 5813 5821 5822 5826 5833 5839 5847 5857 5868 5879 5888 5889 5892 5893 5900 5901 5905 5910 5922 5923 5930 5933 5937 5963 5971 5972 5974 5996 6002 6004 6010 6018 6027 6041 6055 6056 6062 6070 6091 6105 6106 6109 6110 6120 6125 6127 6131 6139 6142 6150 6152 6162 6163 6179 6180 6181 6187 6190 6216 6225 6226 6235 6237 6252 6258 6277 6296 6299 6303 6340 6349 6362 6363 6409 5767 5558 5745 5756 11079
	}
	buildings_max_level_factor = 1.000
	manpower = 3096192
	state_category = town
}
