state = {
	id = 14
	name = "STATE_14"
	resources = {
		oil = 8
		aluminium = 8
		rubber = 8
		tungsten = 8
		steel = 8
		chromium = 8
	}
	history = {
		owner = KAS
		add_core_of = KAS
		victory_points = {
			6046 10
		}
		victory_points = { 5952 5 }
		buildings = {
			infrastructure = 3
			industrial_complex = 2
			arms_factory = 1
			5952 = {
				naval_base = 5
			}
		}
	}
	provinces = {
		59 68 70 158 195 243 263 285 293 325 353 450 466 528 641 666 694 710 719 776 844 885 937 994 1036 1044 1055 1090 1187 1190 1208 1313 1333 1389 1447 1642 1643 1747 1771 1920 2000 2032 2045 2119 2152 2307 2340 2427 2582 2596 2607 2615 2618 2630 2686 2720 2734 2869 2943 2958 3164 3286 3373 3411 3423 3478 3572 3573 3598 3707 3711 3728 3755 3768 3813 3934 3945 4007 4107 4138 4239 4275 4319 4396 4426 4435 4470 4474 4477 4538 4544 4634 4701 4937 4957 5049 5152 5207 5273 5310 5311 5427 5531 5823 5844 5850 5858 5872 5875 5887 5895 5896 5906 5911 5914 5915 5924 5931 5938 5942 5946 5948 5951 5952 5955 5964 5970 5975 5976 5981 5983 5991 5992 6007 6011 6012 6024 6028 6033 6034 6046 6065 6071 6077 6089 6092 6115 6116 6121 6122 6128 6132 6134 6135 6153 6155 6160 6167 6177 6195 6200 6206 6211 6212 6213 6241 6242 6246 6250 6262 6263 6278 6283 6305 6310 6324 6330 6334 6392 6401 6427 6451 6455 3372 5781 5193 5817 5784
	}
	buildings_max_level_factor = 1.000
	manpower = 3031688
	state_category = town
}
