state = {
	id = 15
	name = "STATE_15"
	resources = {
		oil = 8
		aluminium = 8
		rubber = 8
		tungsten = 8
		steel = 8
		chromium = 8
	}
	history = {
		owner = KAS
		add_core_of = KAS
		victory_points = {
			2092 10
		}
		buildings = {
			infrastructure = 3
			industrial_complex = 2
			arms_factory = 1
		}
	}
	provinces = {
		37 45 126 156 212 229 280 346 423 451 492 503 524 538 647 722 746 757 777 806 902 988 1077 1082 1152 1283 1293 1294 1342 1385 1566 1662 1737 1867 1928 1931 1981 1982 2025 2039 2064 2074 2077 2092 2110 2112 2172 2208 2225 2537 2584 2610 2625 2638 2759 2770 2841 2852 2867 2870 2988 3043 3052 3102 3126 3142 3166 3180 3231 3251 3262 3380 3403 3481 3553 3563 3658 3914 3926 3978 3991 4005 4052 4131 4150 4278 4295 4300 4308 4332 4458 4497 4515 4553 4641 4665 4680 4700 4786 4846 4895 4994 5037 5042 5150 5165 5167 5170 5172 5183 5217 5282 5362 5435 5507 5886 5904 5917 5918 5919 5920 5950 5959 5960 5961 5973 5979 5982 5986 5987 5990 5999 6003 6014 6015 6021 6022 6026 6031 6043 6051 6059 6060 6061 6085 6086 6090 6093 6098 6099 6100 6103 6113 6137 6138 6144 6145 6154 6161 6165 6170 6171 6172 6188 6192 6197 6204 6210 6214 6215 6223 6229 6230 6238 6243 6249 6256 6257 6265 6266 6272 6280 6286 6291 6294 6301 6314 6326 6327 6346 6350 6351 6375 6431 6468 6469 6478 6532 11076 
	}
	buildings_max_level_factor = 1.000
	manpower = 3192948
	state_category = town
}
