state = {
	id = 16
	name = "STATE_16"
	resources = {
		oil = 8
		aluminium = 8
		rubber = 8
		tungsten = 8
		steel = 8
		chromium = 8
	}
	history = {
		owner = KAS
		add_core_of = KAS
		victory_points = {
			1279 10
		}
		buildings = {
			infrastructure = 3
			industrial_complex = 2
			arms_factory = 1
		}
	}
	provinces = {
		20 26 28 47 56 62 86 101 137 187 251 366 381 382 395 479 558 608 610 653 668 787 789 792 808 957 1049 1092 1113 1213 1279 1332 1357 1409 1418 1420 1444 1463 1500 1605 1622 1655 1692 1750 1760 1770 1821 1823 1848 1871 1973 2010 2035 2046 2078 2147 2302 2322 2576 2577 2651 2691 2749 2772 2783 2811 2835 2912 3156 3169 3189 3191 3230 3259 3359 3378 3440 3493 3589 3608 3647 3648 3668 3781 3785 3819 3837 3975 4078 4156 4259 4322 4354 4416 4447 4459 4693 4803 4884 4890 5012 5047 5168 5180 5188 5241 5295 5331 5340 5341 5380 5396 5407 5425 5434 5449 5508 6052 6095 6096 6111 6117 6133 6136 6140 6143 6147 6169 6174 6182 6183 6201 6217 6218 6232 6233 6247 6264 6279 6284 6285 6298 6306 6311 6319 6320 6321 6325 6331 6335 6336 6356 6365 6366 6373 6378 6379 6383 6385 6393 6407 6415 6416 6420 6421 6429 6440 6443 6452 6460 6461 6477 6484 6485 6486 6503 6504 6514 6516 6517 6518 6529 6530 6535 6536 6551 6552 6566 6567 6568 6584 6603 6605 6641 6657 6664 6670 6676 6677 6686 6715 
	}
	buildings_max_level_factor = 1.000
	manpower = 3241326
	state_category = town
}
