state = {
	id = 18
	name = "STATE_18"
	resources = {
		oil = 8
		aluminium = 8
		rubber = 8
		tungsten = 8
		steel = 8
		chromium = 8
	}
	history = {
		owner = KAS
		add_core_of = KAS
		victory_points = {
			4463 10
		}
		buildings = {
			infrastructure = 3
			industrial_complex = 2
			arms_factory = 1
		}
	}
	provinces = {
		2 51 87 153 218 262 418 453 463 738 755 810 840 1012 1074 1246 1286 1329 1467 1533 1540 1601 1631 1704 1729 2004 2017 2211 2312 2426 2461 2530 2579 2580 2665 2684 2787 2977 3046 3068 3168 3293 3331 3525 3587 3611 3627 3635 3645 3756 3770 3881 3889 3933 3949 3966 3977 4076 4087 4157 4166 4185 4226 4234 4335 4400 4415 4463 4496 4558 4597 4609 4622 4632 4699 4741 4773 4817 4878 4934 4949 4975 4995 5026 5121 5245 5306 5346 5420 5446 5463 5554 5596 6358 6359 6377 6387 6414 6428 6435 6447 6456 6476 6489 6492 6528 6538 6571 6572 6573 6580 6589 6601 6602 6609 6647 6650 6656 6669 6682 6685 6704 6714 6721 6735 6736 6737 6742 6765 6768 6769 6775 6776 6794 6811 6818 6819 6820 6825 6831 6839 6840 6869 6883 6890 6896 6901 6921 6927 6934 6935 6936 6949 6965 6975 6987 6989 7000 7029 7030 7073 7091 7097 7114 7132 7145 7153 7160 7200 
	}
	buildings_max_level_factor = 1.000
	manpower = 2725294
	state_category = town
}
