state = {
	id = 19
	name = "STATE_19"
	resources = {
		oil = 8
		aluminium = 8
		rubber = 8
		tungsten = 8
		steel = 8
		chromium = 8
	}
	history = {
		owner = BOR
		add_core_of = BOR
		victory_points = {
			6809 10
		}
		buildings = {
			infrastructure = 3
			industrial_complex = 2
			arms_factory = 1
		}
	}
	provinces = {
		75 85 172 185 190 196 203 331 439 445 476 490 566 578 633 724 797 877 911 963 1016 1022 1083 1098 1100 1231 1270 1339 1366 1377 1509 1709 1811 1850 1907 1958 2057 2068 2165 2409 2481 2605 2639 2693 2897 3039 3099 3111 3261 3272 3289 3376 3476 3546 3619 3708 3725 3801 3823 3907 3963 3972 3987 3988 3997 4021 4093 4117 4139 4186 4333 4358 4361 4368 4508 4714 4735 4750 4819 4844 4928 4930 4956 5040 5065 5124 5136 5289 5315 5451 5578 6394 6395 6425 6458 6474 6497 6505 6520 6521 6533 6543 6548 6570 6575 6585 6586 6592 6597 6607 6617 6622 6627 6632 6643 6644 6649 6661 6679 6680 6691 6692 6698 6699 6700 6701 6713 6723 6731 6738 6755 6762 6779 6809 6821 6826 6835 6847 6878 6879 6889 6895 6920 6930 6939 6947 6953 6954 6960 6984 6993 7005 7017 7018 7039 7054 7059 7065 7067 7071 7088 7106 7136 7149 7169 7175 7257 7308 11082 
	}
	buildings_max_level_factor = 1.000
	manpower = 2709168
	state_category = town
}
