state = {
	id = 20
	name = "STATE_20"
	resources = {
		oil = 8
		aluminium = 8
		rubber = 8
		tungsten = 8
		steel = 8
		chromium = 8
	}
	history = {
		owner = KAS
		add_core_of = KAS
		victory_points = {
			3198 10
		}
		victory_points = { 7025 5 }
		buildings = {
			infrastructure = 3
			industrial_complex = 2
			arms_factory = 1
			7025 = {
				naval_base = 5
			}
		}
	}
	provinces = {
		3 146 164 184 199 281 299 455 516 571 624 838 918 1165 1188 1236 1287 1327 1401 1421 1546 1598 1855 1899 2083 2205 2250 2256 2257 2261 2265 2276 2387 2421 2430 2440 2467 2527 2747 2773 2898 2924 2969 3037 3058 3100 3133 3193 3198 3200 3208 3246 3340 3361 3601 3603 3610 3683 3721 3740 3780 4041 4057 4109 4337 4341 4398 4489 4562 4580 4661 4718 4746 4749 4755 4763 4967 5184 5385 5394 5409 5484 5583 5595 6384 6400 6410 6441 6448 6462 6480 6482 6487 6490 6498 6499 6513 6524 6525 6540 6553 6555 6557 6558 6559 6563 6578 6587 6588 6591 6594 6598 6599 6610 6611 6623 6624 6625 6640 6646 6651 6652 6653 6659 6663 6681 6683 6693 6694 6702 6703 6705 6710 6719 6733 6740 6749 6750 6758 6759 6760 6782 6783 6786 6788 6789 6792 6803 6804 6805 6812 6827 6828 6836 6838 6843 6859 6870 6899 6912 6924 6925 6931 6961 6962 6969 6973 6976 6977 7002 7008 7020 7025 7087 7089 7100 
	}
	buildings_max_level_factor = 1.000
	manpower = 2838176
	state_category = town
}
