state = {
	id = 21
	name = "STATE_21"
	resources = {
		oil = 8
		aluminium = 8
		rubber = 8
		tungsten = 8
		steel = 8
		chromium = 8
	}
	history = {
		owner = KAS
		add_core_of = KAS
		victory_points = {
			2498 10
		}
		buildings = {
			infrastructure = 3
			industrial_complex = 2
			arms_factory = 1
		}
	}
	provinces = {
		84 97 174 494 589 636 671 713 765 842 879 1159 1222 1229 1274 1290 1404 1419 1459 1553 1619 1646 1725 1735 1851 1881 2283 2288 2301 2334 2350 2369 2459 2468 2498 2604 2775 2800 2889 2896 3062 3237 3338 3371 3428 3620 3700 3767 4215 4221 4277 4307 4401 4549 4574 4796 4845 4880 4968 5022 5027 5084 5091 5099 5110 5125 5151 5199 5329 5368 5482 5517 5557 5586 6371 6374 6493 6519 6539 6542 6581 6614 6615 6616 6630 6639 6665 6666 6671 6678 6696 6697 6716 6717 6722 6728 6743 6744 6748 6754 6766 6787 6790 6795 6796 6801 6814 6841 6842 6844 6845 6849 6864 6865 6875 6885 6892 6894 6897 6906 6914 6918 6922 6928 6938 6940 6946 6951 6957 6967 6981 6982 6992 7001 7022 7031 7038 7040 7041 7045 
	}
	buildings_max_level_factor = 1.000
	manpower = 2257640
	state_category = town
}
