state = {
	id = 22
	name = "STATE_22"
	resources = {
		oil = 8
		aluminium = 8
		rubber = 8
		tungsten = 8
		steel = 8
		chromium = 8
	}
	history = {
		owner = KAS
		add_core_of = KAS
		victory_points = {
			5633 10
		}
		victory_points = { 5615 5 }
		buildings = {
			infrastructure = 3
			industrial_complex = 2
			arms_factory = 1
			5615 = {
				naval_base = 5
			}
		}
	}
	provinces = {
		99 188 225 234 287 307 316 344 376 400 437 575 637 811 939 968 972 1001 1070 1104 1105 1241 1253 1263 1269 1304 1345 1356 1359 1457 1539 1555 1599 1600 1623 1674 1714 1827 1893 1939 1949 2008 2055 2141 2149 2192 2290 2310 2367 2379 2382 2499 2509 2540 2636 2663 2729 2878 2901 2939 2951 3130 3157 3318 3319 3394 3424 3433 3435 3458 3706 3718 3829 3952 4034 4038 4073 4100 4111 4159 4183 4352 4370 4567 4673 4779 4889 5028 5072 5146 5198 5204 5214 5237 5351 5450 5522 5530 5559 5577 5600 5601 5602 5603 5604 5605 5606 5607 5608 5609 5610 5611 5612 5613 5614 5615 5616 5617 5618 5619 5620 5621 5622 5623 5624 5625 5626 5627 5628 5629 5630 5631 5632 5633 5634 5635 5636 5637 5639 5640 5642 5643 5644 5645 5646 5647 5649 5651 5654 5655 5658 5659 5662 5665 5666 5669 5671 5672 5676 5678 5688 5698 5701 5708 11081 
	}
	buildings_max_level_factor = 1.000
	manpower = 2644664
	state_category = town
}
