state = {
	id = 24
	name = "STATE_24"
	resources = {
		oil = 8
		aluminium = 8
		rubber = 8
		tungsten = 8
		steel = 8
		chromium = 8
	}
	history = {
		owner = BOR
		add_core_of = BOR
		victory_points = {
			7111 10
		}
		victory_points = { 6944 5 }
		buildings = {
			infrastructure = 3
			industrial_complex = 2
			arms_factory = 1
			6944 = {
				naval_base = 5
			}
		}
	}
	provinces = {
		5 89 160 200 223 235 301 305 347 406 817 901 915 917 954 971 975 1061 1076 1086 1099 1154 1232 1249 1258 1266 1320 1338 1341 1411 1429 1496 1550 1576 1746 1768 1873 1983 2040 2090 2187 2198 2251 2294 2300 2429 2479 2547 2779 2793 2805 2866 2926 3175 3205 3216 3217 3241 3441 3449 3475 3495 3529 3676 3727 3821 3836 3883 3951 3979 4023 4036 4137 4140 4143 4161 4164 4197 4200 4217 4232 4294 4304 4329 4353 4371 4387 4432 4586 4626 4644 4657 4676 4697 4760 4829 4916 4917 4926 5035 5052 5142 5147 5220 5251 5258 5265 5371 5399 5464 5466 5552 5553 5563 5568 6628 6672 6708 6724 6725 6726 6746 6767 6771 6780 6785 6802 6815 6816 6822 6823 6854 6858 6866 6867 6868 6898 6903 6910 6911 6923 6944 6948 6968 6972 6996 6997 7006 7007 7019 7024 7044 7046 7047 7048 7051 7052 7055 7072 7074 7075 7079 7085 7086 7099 7103 7107 7111 7112 7124 7131 7137 7138 7139 7147 7150 7163 7164 7176 7181 7190 7191 7193 7194 7195 7204 7210 7211 7218 7224 7232 7236 7243 7262 7266 7267 7274 7282 7283 7284 7287 7292 7298 7302 7314 7332 7360 6593 3379 6645 3366 6511 3639 6523 3465
	}
	buildings_max_level_factor = 1.000
	manpower = 3467090
	state_category = town
}
