state = {
	id = 25
	name = "STATE_25"
	resources = {
		oil = 8
		aluminium = 8
		rubber = 8
		tungsten = 8
		steel = 8
		chromium = 8
	}
	history = {
		owner = SIL
		add_core_of = SIL
		victory_points = {
			7379 10
		}
		buildings = {
			infrastructure = 3
			industrial_complex = 2
			arms_factory = 1
		}
	}
	provinces = {
		9 10 27 35 38 67 108 163 207 213 215 232 242 265 295 320 329 340 343 416 444 487 508 570 590 598 605 629 662 788 800 819 833 870 891 952 1005 1035 1048 1147 1149 1210 1227 1247 1277 1298 1300 1307 1403 1475 1532 1567 1596 1611 1661 1703 1738 1757 1761 1773 1778 1781 1801 1840 1869 1897 1972 1996 2012 2027 2049 2056 2086 2102 2111 2179 2193 2232 2233 2252 2253 2263 2354 2446 2462 2480 2571 2575 2611 2628 2696 2712 2724 2831 2848 2875 2877 2916 2930 2987 2999 3032 3034 3040 3082 3115 3152 3260 3301 3333 3417 3437 3446 3463 3487 3548 3624 3628 3634 3642 3644 3704 3738 3759 3818 3856 3869 3872 3921 3928 3935 3957 3958 3964 4118 4122 4125 4129 4167 4182 4187 4250 4268 4297 4324 4325 4336 4380 4427 4431 4462 4490 4492 4499 4550 4560 4566 4618 4640 4742 4767 4790 4913 4920 4965 4979 4980 4983 5023 5031 5044 5063 5071 5100 5153 5159 5163 5187 5189 5223 5281 5283 5327 5401 5469 5483 5492 5509 5546 6689 6718 6761 6778 6791 6799 6834 6846 6857 6876 6877 6886 6887 6888 6907 6908 6909 6919 6929 6941 6942 6958 6959 6970 6971 6983 7011 7016 7023 7034 7042 7043 7064 7077 7078 7082 7084 7094 7098 7110 7122 7123 7128 7129 7130 7155 7162 7166 7167 7168 7173 7174 7209 7216 7217 7221 7222 7223 7229 7230 7231 7242 7247 7248 7264 7265 7271 7272 7273 7279 7280 7286 7297 7301 7307 7312 7317 7323 7324 7325 7326 7331 7334 7339 7340 7358 7362 7379 7390 7391 7404 7417 7418 7419 7420 7428 7429 7437 7455 7460 7463 7468 7469 7470 7484 7498 7504 7518 7525 7526 7545 7546 7554 7555 7564 7577 7578 7579 7583 7597 7602 7603 7613 7614 7619 7623 7629 7642 7646 7648 7656 7661 7666 7685 7692 7693 7702 7703 7704 7707 7708 7709 7733 7749 7750 7761 7770 7778 7789 7790 7793 7794 7799 7800 7804 7826 7833 7839 7840 7849 7865 7875 7890 7891 7899 7904 7921 7926 7936 7940 7953 7981 8006 8020 8032 8036 8041 8042 8066 8076 8083 8086 8170 8217 11074 11075 11087 
	}
	buildings_max_level_factor = 1.000
	manpower = 6014998
	state_category = town
}
