state = {
	id = 28
	name = "STATE_28"
	resources = {
		oil = 8
		aluminium = 8
		rubber = 8
		tungsten = 8
		steel = 8
		chromium = 8
	}
	history = {
		owner = SIL
		add_core_of = SIL
		victory_points = {
			4468 10
		}
		buildings = {
			infrastructure = 3
			industrial_complex = 2
			arms_factory = 1
		}
	}
	provinces = {
		24 170 246 250 291 404 424 500 600 679 740 828 866 935 942 1167 1169 1183 1393 1432 1683 1764 1843 1874 1988 2022 2065 2159 2287 2291 2489 2491 2514 2539 2552 2725 2756 2771 2822 2838 2864 2883 2911 2961 2986 3273 3307 3330 3345 3473 3497 3543 3555 3798 3867 3922 3929 4213 4349 4356 4409 4468 4519 4559 4575 4727 4774 4793 4927 5006 5061 5148 5195 5268 5312 5338 5428 5486 5514 7033 7063 7070 7076 7116 7117 7121 7126 7127 7142 7148 7161 7172 7179 7180 7189 7203 7220 7228 7234 7235 7241 7246 7270 7278 7285 7290 7316 7347 7371 7378 7403 7408 7409 7427 7446 7454 7467 7489 7497 7512 7516 7522 7553 7563 7566 7582 7595 7600 7618 7635 7645 7659 7672 7673 7700 7716 7719 7724 7725 7726 7739 7745 7759 7787 7838 7847 7911 7912 7993 8000 8082 8146 
	}
	buildings_max_level_factor = 1.000
	manpower = 2451152
	state_category = town
}
