state = {
	id = 31
	name = "STATE_31"
	resources = {
		oil = 8
		aluminium = 8
		rubber = 8
		tungsten = 8
		steel = 8
		chromium = 8
	}
	history = {
		owner = KAS
		add_core_of = KAS
		victory_points = {
			4399 10
		}
		victory_points = {
			7376 10
		}
		victory_points = {
			4986 10
		}
		buildings = {
			infrastructure = 3
			industrial_complex = 2
			arms_factory = 1
		}
	}

	provinces = {
		78 83 98 112 178 210 230 231 275 289 296 355 397 491 509 635 699 714 728 847 895 897 914 955 969 1116 1117 1178 1179 1193 1250 1344 1406 1445 1486 1492 1495 1506 1547 1575 1665 1670 1682 1740 1777 1796 1913 1930 1968 1975 2069 2091 2178 2213 2217 2267 2279 2332 2339 2385 2394 2416 2447 2450 2505 2526 2528 2533 2570 2635 2641 2646 2676 2744 2820 2839 2931 2933 2934 2992 3005 3134 3187 3222 3255 3339 3375 3539 3545 3670 3723 3787 3846 3860 3941 3950 4061 4399 4442 4454 4479 4535 4581 4717 4743 4762 4768 4809 4812 4861 4863 4908 4940 4986 4998 5050 5059 5155 5169 5228 5234 5287 5291 5300 5324 5332 5336 5357 7152 7184 7187 7198 7206 7227 7239 7240 7244 7245 7255 7256 7259 7260 7261 7277 7289 7295 7296 7306 7311 7315 7322 7330 7333 7336 7337 7342 7346 7350 7356 7369 7370 7375 7376 7383 7384 7386 7387 7388 7413 7415 7416 7425 7426 7434 7435 7445 7448 7462 7465 7466 7472 7477 7480 7483 7503 7506 7510 7511 7515 7532 7533 7537 7538 7544 7549 7562 7570 7574 7580 7581 7592 7593 7608 7611 7616 7617 7637 7638 7639 7647 7654 7658 7665 7677 7689 7690 7696 7697 7698 7699 7730 7737 7738 7747 7751 7752 7758 7768 7776 7786 7798 7813 7831 7836 7846 7854 7855 7878 7883 7884 7934 7938 7939 7965 7992 8010 8069 8100 8193 8221 8238 
	}
	buildings_max_level_factor = 1.000
	manpower = 4047626
	state_category = town
}
