state = {
	id = 33
	name = "STATE_33"
	resources = {
		oil = 8
		aluminium = 8
		rubber = 8
		tungsten = 8
		steel = 8
		chromium = 8
	}
	history = {
		owner = BOR
		add_core_of = BOR
		victory_points = {
			7490 10
		}
		victory_points = { 7589 5 }
		buildings = {
			infrastructure = 3
			industrial_complex = 2
			arms_factory = 1
			7589 = {
				naval_base = 5
			}
		}
	}
	provinces = {
		60 82 88 119 144 162 377 460 530 542 548 583 607 639 660 674 753 775 825 836 924 974 984 995 1053 1088 1102 1171 1211 1364 1410 1440 1485 1551 1558 1565 1588 1698 1856 1994 2031 2070 2072 2085 2088 2173 2248 2286 2403 2410 2436 2477 2478 2633 2760 2762 2766 2812 2814 2879 2900 3014 3019 3020 3063 3071 3083 3098 3140 3194 3280 3299 3316 3377 3422 3519 3578 3596 3672 3741 3831 3876 3886 3911 3918 3959 3980 4301 4421 4428 4449 4488 4512 4568 4683 4712 4715 4728 4818 4849 4887 4961 5009 5019 5242 5257 5274 5378 5453 5456 5472 5519 5526 5547 5585 7263 7281 7291 7299 7309 7313 7327 7328 7329 7343 7351 7352 7359 7363 7364 7365 7372 7373 7374 7380 7385 7395 7400 7405 7406 7410 7421 7422 7423 7430 7431 7432 7433 7438 7439 7442 7443 7450 7456 7457 7464 7473 7474 7475 7476 7479 7485 7486 7488 7490 7499 7508 7513 7527 7528 7530 7534 7542 7556 7557 7558 7559 7567 7568 7569 7571 7572 7584 7588 7589 7604 7615 7620 7624 7625 7633 7649 7657 7667 7679 7680 7682 7686 7705 7710 7711 7712 7727 7734 7735 7741 7742 7746 7754 7755 7762 7791 7795 7801 7802 7803 7815 7834 7842 7852 7870 7894 7900 7906 7957 5101 7862 7922 3862
	}
	buildings_max_level_factor = 1.000
	manpower = 3692854
	state_category = town
}
