state = {
	id = 34
	name = "STATE_34"
	resources = {
		oil = 8
		aluminium = 8
		rubber = 8
		tungsten = 8
		steel = 8
		chromium = 8
	}
	history = {
		owner = HAN
		add_core_of = HAN
		victory_points = {
			8050 10
		}
		buildings = {
			infrastructure = 3
			industrial_complex = 2
			arms_factory = 1
		}
	}
	provinces = {
		21 139 179 319 361 394 417 485 559 592 628 630 702 708 721 741 760 774 793 858 893 943 961 1000 1025 1041 1047 1069 1219 1224 1412 1438 1464 1501 1519 1523 1531 1582 1593 1706 1736 1749 1793 1832 1863 1936 1938 2142 2188 2304 2320 2558 2569 2657 2840 2847 2863 2955 3086 3117 3218 3235 3254 3351 3515 3576 3597 3617 3650 3653 3739 3764 3793 3896 3897 3983 4178 4256 4286 4338 4381 4434 4466 4524 4530 4569 4588 4594 4689 4713 4719 4811 4834 4882 4914 4948 4952 4970 4989 5053 5064 5069 5077 5107 5160 5178 5200 5201 5253 5316 5389 5444 5457 5494 5549 5565 7320 7344 7368 7381 7412 7414 7424 7440 7444 7447 7453 7471 7482 7496 7501 7502 7514 7520 7521 7531 7535 7536 7548 7552 7561 7585 7586 7599 7607 7628 7630 7631 7644 7651 7652 7653 7663 7664 7670 7671 7681 7683 7688 7695 7714 7715 7722 7764 7765 7774 7775 7780 7781 7785 7807 7812 7825 7830 7835 7845 7866 7867 7868 7873 7882 7897 7898 7910 7917 7918 7928 7933 7937 7944 7945 7948 7949 7961 7964 7972 7978 7995 7998 8004 8005 8009 8026 8040 8045 8050 8051 8061 8062 8068 8074 8075 8080 8089 8090 8091 8099 8103 8120 8121 8126 8135 8149 8154 8203 8211 8251 8252 8256 8264 8276 
	}
	buildings_max_level_factor = 1.000
	manpower = 3725106
	state_category = town
}
