state = {
	id = 35
	name = "STATE_35"
	resources = {
		oil = 8
		aluminium = 8
		rubber = 8
		tungsten = 8
		steel = 8
		chromium = 8
	}
	history = {
		owner = SIL
		add_core_of = SIL
		victory_points = {
			5128 10
		}
		buildings = {
			infrastructure = 3
			industrial_complex = 2
			arms_factory = 1
		}
	}
	provinces = {
		32 102 368 421 667 762 783 784 835  888 967 1106 1156 1395 1451 1487 1518 1666 1695 1772 1780 1926 1952 2115 2143 2189 2238 2246 2259 2380 2419 2473 2554 2746 2802 2829 2842 2980 2984 2998 3007 3092 3116 3248 3295 3390 3447 3502 3516 3616 3667 3686 3696 3750 3822 3825 3890 3984 3989 4028 4192 4205 4242 4274 4330 4436 4582 4722 4754 4813 4876 4900 4971 5020 5128 5318 5364 5370 5593 7338 7357 7389 7393 7394 7399 7436 7441 7449 7478 7507 7517 7523 7524 7541 7550 7551 7575 7576 7587 7596 7601 7609 7612 7622 7632 7640 7641 7655 7660 7678 7684 7691 7701 7706 7740 7748 7753 7757 7760 7769 7788 7809 7814 7819 7832 7844 7848 7861 7864 7869 7879 7880 7885 7903 7908 7913 7919 7925 7952 7963 7974 7975 7984 8013 8019 8046 8047 8056 8057 8064 8065 8070 8094 8095 8096 8105 8106 8123 8130 8137 8152 8155 8156 8169 8174 8182 8183 8188 8194 8212 8213 8216 8228 8234 8267 8270 8271 8281 8298 8299 8319  8356 8378 8400  
	}
	buildings_max_level_factor = 1.000
	manpower = 2967184
	state_category = town
}
