state = {
	id = 37
	name = "STATE_37"
	resources = {
		oil = 8
		aluminium = 8
		rubber = 8
		tungsten = 8
		steel = 8
		chromium = 8
	}
	history = {
		owner = SIL
		add_core_of = SIL
		victory_points = {
			8292 10
		}
		buildings = {
			infrastructure = 3
			industrial_complex = 2
			arms_factory = 1
		}
	}
	provinces = {
		17 61 135 141 142 208 219 383 398 464 539 649 678 701 704 790 868 1009 1017 1064 1110 1111 1129 1130 1134 1204 1267 1480 1602 1653 1687 1745 1769 1788 1924 1927 1945 1960 1966 1980 2030 2117 2199 2202 2335 2381 2524 2653 2678 2727 2730 2973 3048 3078 3172 3206 3244 3275 3298 3356 3374 3427 3438 3590 3655 3657 3709 3848 3868 3955 4018 4047 4212 4218 4220 4346 4377 4383 4395 4602 4694 4732 4858 4866 4918 4933 4958 4959 4978 4987 5005 5033 5114 5174 5263 5303 5335 5339 5416 5460 5502 5524 7723 7731 7744 7777 7782 7792 7808 7822 7823 7837 7863 7874 7888 7889 7902 7924 7929 7935 7950 7951 7962 7973 7979 7980 7983 7996 7999 8011 8012 8029 8030 8031 8033 8063 8081 8092 8093 8101 8104 8127 8136 8145 8150 8151 8160 8173 8178 8197 8198 8199 8204 8223 8243 8265 8266 8268 8277 8280 8292 8296 8303 8310 8328 8336 8337 8348 8354 8373 8376 8382 8386 8405 8410 8414 8431 8437 8440 8480 8484 8491 8500 8514 8515 8522 8523 8551 8564 8584 8652 8670 8676 8699 8700 8755 8761 8762 8805 8809 8833 8841 8853 8908 
	}
	buildings_max_level_factor = 1.000
	manpower = 3289704
	state_category = town
}
