state = {
	id = 39
	name = "STATE_39"
	resources = {
		oil = 8
		aluminium = 8
		rubber = 8
		tungsten = 8
		steel = 8
		chromium = 8
	}
	history = {
		owner = RLD
		add_core_of = RLD
		victory_points = { 8661 10 }
		victory_points = { 4423 5 }
		buildings = {
			infrastructure = 3
			industrial_complex = 2
			arms_factory = 1
			4423 = {
				naval_base = 5
			}
		}
	}
	provinces = {
		79 117 138 254 327 371 375 384 387 428 432 447 482 599 603 640 673 683 886 892 965 986 1015 1059 1071 1078 1121 1143 1151 1168 1218 1259 1370 1373 1376 1399 1416 1452 1453 1468 1484 1505 1535 1556 1694 1816 1836 1837 1875 1888 1892 1925 1950 1970 1991 1993 2033 2096 2125 2139 2161 2176 2215 2226 2262 2280 2337 2338 2344 2448 2482 2493 2518 2523 2549 2567 2585 2624 2677 2679 2682 2735 2853 2876 2936 2972 3006 3072 3104 3221 3229 3253 3258 3384 3386 3389 3480 3541 3561 3698 3735 3758 3776 3806 3832 3924 3974 4020 4022 4070 4119 4141 4209 4252 4264 4418 4423 4437 4483 4514 4577 4585 4591 4608 4610 4620 4628 4648 4655 4678 4691 4758 4765 4791 4837 4874 4924 5002 5032 5055 5070 5085 5090 5171 5226 5238 5366 5415 5541 5551 7732 7736 7783 7810 7816 7817 7872 7887 7915 7931 7942 7959 7976 7989 7997 8018 8028 8044 8052 8071 8085 8116 8125 8128 8148 8153 8163 8196 8226 8242 8249 8255 8261 8274 8283 8295 8305 8316 8323 8324 8331 8342 8353 8358 8359 8360 8371 8388 8394 8395 8396 8419 8428 8429 8438 8439 8448 8449 8468 8482 8487 8488 8506 8511 8532 8533 8542 8555 8560 8569 8581 8594 8595 8604 8609 8618 8625 8629 8630 8635 8642 8653 8657 8660 8661 8672 8673 8683 8684 8688 8704 8705 8712 8715 8716 8718 8723 8731 8746 8757 8764 8765 8767 8772 8773 8789 8799 8800 8804 8817 8818 8846 8847 8851 8858 8874 8875 8881 8882 8884 8890 8896 8897 8903 8915 8928 8935 8941 8942 8943 8944 8988 8989 9005 9020 9021 9057 9086 9108 9109 9204 9250 4 8059 8142 8168 10466 8816 8771 3692 11083
	}
	buildings_max_level_factor = 1.000
	manpower = 4837800
	state_category = town
}
