state = {
	id = 41
	name = "STATE_41"
	resources = {
		oil = 8
		aluminium = 8
		rubber = 8
		tungsten = 8
		steel = 8
		chromium = 8
	}
	history = {
		owner = HAN
		add_core_of = HAN
		victory_points = {
			8262 10
		}
		victory_points = { 2079 5 }
		buildings = {
			infrastructure = 3
			industrial_complex = 2
			arms_factory = 1
			2079 = {
				naval_base = 5
			}
		}
	}
	provinces = {
		55 71 127 131 241 545 767 769 804 855 922 1037 1150 1326 1331 1425 1497 1513 1650 1673 1691 1758 1828 1835 1890 1909 1910 2079 2181 2227 2231 2321 2778 2798 2932 2956 2985 3051 3053 3057 3080 3123 3155 3211 3268 3271 3294 3336 3467 3566 3602 3744 3943 4037 4163 4190 4248 4283 4303 4310 4334 4351 4367 4405 4464 4506 4516 4688 4801 4903 4993 5112 5127 5157 5372 5432 7877 7881 7916 7927 7932 7960 7969 7970 7971 7977 7982 8003 8015 8039 8049 8054 8060 8067 8072 8073 8078 8110 8113 8117 8118 8119 8133 8134 8143 8159 8165 8177 8179 8180 8186 8206 8227 8231 8237 8262 8263 8275 8284 8306 8309 8332 8333 8334 8347 8364 8365 8372 8374 8389 8397 8403 8420 8436 8451 8452 8458 8477 8478 8489 8549 8561 8605 8612 8620 8658 8662 8697 
	}
	buildings_max_level_factor = 1.000
	manpower = 2386648
	state_category = town
}
