state = {
	id = 42
	name = "STATE_42"
	resources = {
		oil = 8
		aluminium = 8
		rubber = 8
		tungsten = 8
		steel = 8
		chromium = 8
	}
	history = {
		owner = PNT
		add_core_of = PNT
		victory_points = {
			8244 10
		}
		buildings = {
			infrastructure = 3
			industrial_complex = 2
			arms_factory = 1
		}
	}
	provinces = {
		118 123 217 224 362 388 402 617 659 904 996 998 1094 1126 1185 1235 1238 1242 1288 1391 1414 1426 1493 1502 1522 1524 1608 1660 1668 1671 1834 1922 1929 1942 1986 1997 2003 2009 2061 2114 2160 2168 2356 2417 2431 2507 2553 2581 2595 2627 2645 2650 2666 2836 2915 2940 2959 3033 3097 3109 3141 3147 3153 3159 3213 3225 3296 3342 3355 3383 3468 3477 3498 3549 3666 3684 3749 3765 3792 3802 3828 3845 3847 3855 3894 3902 4064 4388 4487 4518 4536 4607 4668 4823 4867 4891 4896 4901 4953 5073 5076 5089 5094 5132 5219 5314 5323 5361 5374 5390 5511 5520 5532 5556 5574 7920 7954 8007 8016 8034 8035 8107 8111 8114 8124 8147 8157 8166 8175 8176 8189 8200 8201 8207 8208 8214 8222 8229 8230 8244 8245 8259 8287 8293 8307 8311 8312 8325 8346 8349 8362 8370 8379 8383 8406 8423 8427 8432 8445 8454 8459 8486 8494 8495 8517 8529 8557 8567 8573 8592 8598 8601 8624 8632 8633 8640 8647 8667 8671 8675 8680 8681 8692 8693 8727 8728 8740 8745 8786 8801 8802 8838 8849 8873 8888 8910 8931 8947 8953 8983 8984 8990 9029 9038 9051 9078 9117 
	}
	buildings_max_level_factor = 1.000
	manpower = 3338082
	state_category = town
}
