state = {
	id = 43
	name = "STATE_43"
	resources = {
		oil = 8
		aluminium = 8
		rubber = 8
		tungsten = 8
		steel = 8
		chromium = 8
	}
	history = {
		owner = HAN
		add_core_of = HAN
		victory_points = {
			3919 10
		}
		victory_points = { 4106 5 }
		buildings = {
			infrastructure = 3
			industrial_complex = 2
			arms_factory = 1
			4106 = {
				naval_base = 5
			}
		}
	}
	provinces = {
		48 125 130 260 426 478 536 588 594 602 651 1042 1060 1084 1131 1145 1217 1230 1315 1316 1371 1472 1517 1581 1592 1803 1810 1900 2038 2095 2098 2136 2200 2384 2443 2545 2589 2613 2827 2860 2865 2881 3029 3066 3091 3112 3122 3124 3163 3288 3303 3314 3350 3426 3472 3550 3591 3593 3716 3857 3919 4012 4032 4089 4106 4206 4223 4475 4522 4523 4554 4808 4828 4831 5066 5119 5215 5337 5350 5458 5504 5594 7991 8055 8079 8122 8144 8171 8172 8187 8202 8215 8232 8233 8250 8285 8343 8344 8361 8366 8390 8398 8404 8409 8421 8430 8469 8470 8490 8498 8527 8543 8550 8562 8570 8576 8577 8582 8583 8606 8613 8621 8626 8631 8636 8643 8644 8654 8663 8664 8674 8685 8689 8698 8719 8720 8724 8732 8747 8752 8753 8768 8774 8780 8781 8785 8791 8792 8807 8808 8819 8827 8831 8836 8852 8859 8860 8861 8864 8867 8877 8878 8916 8917 8972 8973 9010 9017 9047 
	}
	buildings_max_level_factor = 1.000
	manpower = 2725294
	state_category = town
}
