state = {
	id = 45
	name = "STATE_45"
	resources = {
		oil = 8
		aluminium = 8
		rubber = 8
		tungsten = 8
		steel = 8
		chromium = 8
	}
	history = {
		owner = PNT
		add_core_of = PNT
		victory_points = {
			8559 10
		}
		victory_points = { 4690 5 }
		buildings = {
			infrastructure = 3
			industrial_complex = 2
			arms_factory = 1
			4690 = {
				naval_base = 5
			}
		}
	}
	provinces = {
		244 365 529 556 621 656 675 682 684 796 862 875 890 950 979 1024 1031 1040 1164 1214 1303 1306 1322 1351 1353 1415 1417 1433 1537 1579 1627 1723 1838 1891 1987 2001 2206 2219 2222 2243 2271 2278 2298 2313 2326 2330 2341 2391 2392 2398 2566 2588 2598 2606 2647 2661 2667 2700 2736 2757 2895 2906 2947 3004 3011 3017 3054 3055 3151 3161 3185 3220 3233 3368 3404 3513 3517 3524 3544 3660 3729 3746 3751 3782 3794 3817 4006 4059 4126 4170 4366 4424 4456 4461 4481 4500 4503 4517 4633 4690 4705 4707 4745 4795 4939 4977 4982 5011 5018 5041 5113 5175 5262 5264 5285 5292 5299 5345 5363 5377 5392 5429 5430 5448 5459 5506 5513 5548 5567 7987 8014 8017 8024 8038 8058 8077 8109 8132 8161 8162 8191 8192 8195 8205 8220 8225 8235 8241 8246 8247 8248 8254 8273 8278 8282 8290 8291 8314 8321 8322 8330 8341 8350 8351 8352 8385 8387 8401 8402 8407 8408 8412 8417 8418 8424 8433 8447 8456 8460 8461 8466 8467 8476 8496 8497 8503 8504 8505 8510 8520 8526 8530 8531 8535 8541 8546 8547 8548 8554 8558 8559 8574 8575 8578 8579 8580 8586 8593 8602 8603 8608 8616 8617 8628 8641 8650 8651 8659 8668 8686 8687 8695 8696 8717 8721 8722 8730 8736 8737 8784 8788 8798 8825 8826 8830 8835 8880 8894 8895 8933 8934 8939 8949 8992 8995 9044 9067 9088 9089 9090 9131 8927 4406 3143 5584 9031
	}
	buildings_max_level_factor = 1.000
	manpower = 4128256
	state_category = town
}
