state = {
	id = 46
	name = "STATE_46"
	resources = {
		oil = 8
		aluminium = 8
		rubber = 8
		tungsten = 8
		steel = 8
		chromium = 8
	}
	history = {
		owner = PNT
		add_core_of = PNT
		victory_points = {
			3432 10
		}
		buildings = {
			infrastructure = 3
			industrial_complex = 2
			arms_factory = 1
		}
	}
	provinces = {
		167 226 259 269 348 442 480 531 552 581 593 717 735 743 809 906 977 1087 1160 1297 1383 1424 1455 1543 1613 1748 1784 1819 1820 1831 1896 1915 1957 2021 2054 2093 2100 2144 2195 2220 2293 2328 2395 2512 2519 2564 2652 2752 2797 2845 2978 3061 3150 3207 3240 3242 3243 3266 3421 3432 3454 3459 3499 3511 3512 3615 3654 3693 3697 3747 3778 3871 3878 3891 3909 3942 4027 4124 4142 4176 4191 4255 4272 4347 4408 4414 4450 4540 4542 4571 4590 4650 4761 4789 4827 4915 4950 4966 5001 5102 5293 5369 5470 5476 5477 5478 5495 5542 5544 5555 8138 8190 8218 8260 8272 8288 8313 8326 8339 8357 8380 8384 8393 8411 8416 8435 8446 8455 8464 8465 8474 8475 8502 8509 8518 8519 8524 8525 8539 8540 8545 8568 8585 8599 8614 8615 8627 8634 8682 8694 8703 8707 8708 8711 8729 8750 8751 8756 8759 8763 8787 8796 8797 8803 8812 8815 8824 8829 8844 8845 8850 8857 8863 8893 8901 8902 8906 8925 8932 8948 8954 8959 8985 8986 8987 8991 9007 9014 9018 9019 9030 9042 9043 9054 9055 9063 9071 9072 9083 9095 9096 9097 9107 9124 9138 9144 9166 9193 9214 9243 9249 
	}
	buildings_max_level_factor = 1.000
	manpower = 3402586
	state_category = town
}
