state = {
	id = 49
	name = "STATE_49"
	resources = {
		oil = 8
		aluminium = 8
		rubber = 8
		tungsten = 8
		steel = 8
		chromium = 8
	}
	history = {
		owner = SIL
		add_core_of = SIL
		victory_points = {
			2541 10
		}
		buildings = {
			infrastructure = 3
			industrial_complex = 2
			arms_factory = 1
		}
	}
	provinces = {
		80 110 214 380 415 486 525 615 729 831 989 1004 1034 1039 1101 1285 1324 1372 1437 1529 1544 1569 1751 1844 1877 1887 1919 1953 1979 2186 2207 2212 2541 2590 2692 2789 2833 2856 3016 3035 3121 3125 3173 3176 3190 3204 3239 3281 3341 3504 3532 3571 3713 3734 3808 3833 3884 3887 3930 3994 4025 4094 4243 4292 4365 4382 4390 4404 4534 4783 4941 4947 4962 4991 5057 5067 5104 5137 5139 5259 5474 5485 5533 5543 8258 8317 8369 8377 8392 8441 8463 8471 8481 8492 8528 8534 8536 8552 8565 8572 8589 8590 8597 8600 8607 8622 8645 8649 8656 8665 8677 8691 8701 8710 8714 8726 8733 8734 8749 8769 8776 8777 8779 8782 8793 8810 8813 8828 8834 8837 8842 8848 8862 8866 8870 8887 8914 8921 8922 8924 8938 8945 8946 8964 8968 8977 8980 8994 8998 8999 9028 9035 9036 9040 9049 9082 9102 9105 9113 9115 9127 9141 9156 9165 9212 9268 11078 
	}
	buildings_max_level_factor = 1.000
	manpower = 2676916
	state_category = town
}
