state = {
	id = 50
	name = "STATE_50"
	resources = {
		oil = 8
		aluminium = 8
		rubber = 8
		tungsten = 8
		steel = 8
		chromium = 8
	}
	history = {
		owner = KAS
		add_core_of = KAS
		victory_points = {
			5713 10
		}
		victory_points = { 2460 10 }
		buildings = {
			infrastructure = 3
			industrial_complex = 2
			arms_factory = 1
			2460 = {
				naval_base = 5
			}
		}
	}
	provinces = {
		22 69 132 147 173 204 206 228 245 255 257 284 396 401 412 504 518 563 564 613 681 685 744 770 781 782 813 909 921 1075 1163 1228 1245 1261 1264 1268 1362 1398 1436 1545 1557 1621 1654 1684 1759 1767 1799 1833 1842 1853 1861 1865 1870 1905 1914 1934 1954 1977 2024 2052 2101 2121 2134 2145 2244 2270 2358 2404 2441 2452 2454 2460 2535 2543 2556 2612 2621 2632 2656 2732 2782 2825 2857 2909 3065 3076 3108 3182 3186 3196 3302 3323 3491 3562 3607 3630 3663 3687 3748 3757 3841 3859 3905 3932 4083 4099 4121 4135 4179 4194 4231 4233 4289 4291 4327 4393 4394 4498 4685 4709 4770 4804 4855 4906 4909 4935 5029 5039 5130 5158 5248 5254 5266 5349 5352 5355 5402 5534 5592 5641 5657 5661 5664 5670 5679 5680 5681 5683 5685 5686 5689 5692 5693 5694 5695 5696 5699 5700 5702 5704 5706 5709 5710 5711 5712 5714 5717 5718 5719 5720 5721 5725 5726 5727 5728 5729 5732 5733 5736 5737 5741 5742 5743 5744 5747 5750 5751 5752 5755 5757 5759 5761 5763 5764 5765 5766 5773 5774 5775 5777 5783 5787 5794 5795 5798 5808 5811 5824 5825 5829 5835 5846 5851 5856 5860 5861 5877 5878 5891 5894 5191 5713 3986 5723 11080
	}
	buildings_max_level_factor = 1.000
	manpower = 3612224
	state_category = town
}
