state = {
	id = 51
	name = "STATE_51"
	resources = {
		oil = 8
		aluminium = 8
		rubber = 8
		tungsten = 8
		steel = 8
		chromium = 8
	}
	history = {
		owner = RLD
		add_core_of = RLD
		victory_points = {
			5154 10
		}
		buildings = {
			infrastructure = 3
			industrial_complex = 2
			arms_factory = 1
			2963 = {
				naval_base = 5
			}
		}
	}
	provinces = {
		95 154 180 194 303 422 456 462 475 495 502 616 632 652 689 711 726 739 794 985 993 1008 1045 1050 1115 1137 1170 1254 1305 1363 1510 1534 1542 1585 1785 1805 1814 1818 1824 1908 1946 1961 1974 2104 2171 2319 2352 2386 2559 2587 2616 2690 2832 2849 2921 2953 2963 3010 3015 3215 3328 3347 3388 3401 3415 3429 3430 3434 3560 3600 3915 3969 4031 4112 4162 4203 4230 4260 4364 4417 4448 4501 4529 4537 4599 4616 4649 4652 4706 4744 4753 4835 4871 4883 5008 5081 5108 5111 5134 5154 5206 5294 5386 5516 8413 8450 8457 8483 8521 8587 8588 8619 8669 8706 8709 8738 8758 8760 8790 8806 8839 8876 8885 8891 8898 8904 8907 8911 8912 8913 8929 8937 8950 8956 8961 8962 8965 8966 8971 8996 9006 9023 9032 9033 9058 9065 9068 9069 9098 9099 9100 9104 9110 9111 9120 9133 9140 9146 9154 9157 9158 9162 9163 9164 9185 9187 9188 9194 9195 9196 9207 9211 9218 9223 9228 9229 9253 9254 9255 9266 9275 9276 9283 9288 9298 9316 9332 9333 9334 9341 9344 9353 9365 9376 9397 9400 9406 9415 9430 9431 9454 9461 9478 9479 9490 9495 9505 9511 9530 11086 
	}
	buildings_max_level_factor = 1.000
	manpower = 3370334
	state_category = town
}
