state = {
	id = 53
	name = "STATE_53"
	resources = {
		oil = 8
		aluminium = 8
		rubber = 8
		tungsten = 8
		steel = 8
		chromium = 8
	}
	history = {
		owner = SRF
		add_core_of = SRF
		victory_points = {
			577 10
		}
		buildings = {
			infrastructure = 3
			industrial_complex = 2
			arms_factory = 1
		}
	}
	provinces = {
		46 136 181 189 271 286 314 317 393 399 430 449 469 496 497 577 657 695 698 850 933 1002 1063 1308 1328 1343 1352 1390 1400 1413 1563 1586 1594 1618 1794 1815 1903 1933 1999 2180 2268 2306 2331 2445 2469 2623 2654 2675 2695 2698 2718 2748 2763 2837 3047 3049 3443 3460 3518 3594 3625 3682 3701 3733 3743 3773 3783 3800 3830 3840 3843 3885 3904 3970 4002 4048 4063 4067 4152 4235 4271 4281 4299 4311 4318 4355 4359 4375 4493 4510 4525 4623 4654 4677 4679 4704 4711 4724 4731 4851 4862 4881 4894 4936 5000 5004 5054 5068 5185 5225 5279 5302 5321 5413 5465 5490 5539 8744 8770 8783 8794 8795 8811 8822 8843 8854 8855 8856 8871 8872 8879 8892 8900 8905 8909 8930 8952 8957 8958 8969 8970 8981 8982 9000 9012 9013 9026 9037 9041 9050 9060 9062 9066 9074 9076 9077 9093 9094 9103 9106 9116 9123 9135 9136 9137 9143 9152 9161 9168 9173 9178 9182 9190 9192 9199 9208 9209 9210 9234 9238 9239 9241 9242 9257 9260 9269 9271 9299 9300 9320 9321 9337 9347 9350 9357 9373 9390 9402 9417 9423 9424 9439 9440 9467 9468 9474 9475 9482 9525 9529 9552 9562 9572 9579 9598 9599 9615 9636 9641 9649 9658 9674 9675 9676 9694 9695 9715 9729 9735 9740 9774 11091 
	}
	buildings_max_level_factor = 1.000
	manpower = 3725106
	state_category = town
}
