state = {
	id = 54
	name = "STATE_54"
	resources = {
		oil = 8
		aluminium = 8
		rubber = 8
		tungsten = 8
		steel = 8
		chromium = 8
	}
	history = {
		owner = PNT
		add_core_of = PNT
		victory_points = {
			5588 10
		}
		victory_points = { 2346 5 }
		buildings = {
			infrastructure = 3
			industrial_complex = 2
			arms_factory = 1
			2346 = {
				naval_base = 5
			}
		}
	}
	provinces = {
		63 169 202 276 332 335 372 407 420 470 512 551 568 687 730 807 814 887 928 929 990 991 1052 1057 1062 1132 1158 1186 1212 1299 1387 1397 1443 1516 1536 1538 1549 1578 1584 1609 1640 1686 1732 1795 1839 1935 2013 2133 2155 2346 2368 2422 2458 2490 2534 2555 2643 2902 3000 3129 3238 3282 3317 3335 3451 3521 3673 3712 3815 3864 4013 4053 4181 4196 4198 4204 4440 4756 4810 4865 4902 4919 4946 5024 5025 5056 5186 5202 5210 5296 5298 5410 5588 8883 8889 8926 8940 8955 9001 9004 9046 9052 9056 9084 9087 9091 9114 9125 9132 9145 9167 9179 9217 9221 9227 9235 9263 9264 9265 9270 9272 9273 9281 9285 9301 9310 9314 9315 9323 9338 9339 9352 9359 9364 9374 9379 9394 9395 9404 9419 9420 9421 9429 9434 9445 9452 9469 9476 9483 9484 9488 9526 9536 9543 9565 9573 9580 9591 9613 9616 9645 9652 9681 9682 9684 9688 9696 9702 9703 9717 9719 9746 
	}
	buildings_max_level_factor = 1.000
	manpower = 2773672
	state_category = town
}
