state = {
	id = 58
	name = "STATE_58"
	resources = {
		oil = 8
		aluminium = 8
		rubber = 8
		tungsten = 8
		steel = 8
		chromium = 8
	}
	history = {
		owner = KAS
		add_core_of = KAS
		victory_points = {
			81 10
		}
		victory_points = { 5722 5 }
		buildings = {
			infrastructure = 3
			industrial_complex = 2
			arms_factory = 1
			5722 = {
				naval_base = 5
			}
		}
	}
	provinces = {
		6 64 76 81 91 120 152 165 197 290 308 311 351 441 483 573 612 618 663 696 720 837 863 865 873 878 907 913 941 946 949 1051 1184 1314 1319 1435 1456 1460 1526 1607 1639 1645 1647 1651 1658 1663 1715 1724 1775 1789 1790 1800 1841 1879 1940 2037 2047 2105 2157 2269 2297 2376 2388 2399 2439 2463 2466 2500 2503 2510 2536 2560 2608 2609 2631 2649 2655 2673 2697 2699 2722 2728 2743 2786 2810 2817 2905 2914 2929 2954 2966 2979 2981 2989 3027 3067 3079 3081 3087 3090 3114 3135 3139 3144 3174 3245 3284 3287 3290 3300 3313 3381 3387 3450 3483 3554 3558 3581 3626 3649 3826 3835 3851 3861 3920 4001 4069 4155 4158 4195 4208 4245 4285 4306 4309 4425 4451 4460 4570 4636 4708 4733 4805 4824 4833 4836 4843 4904 4911 4955 5098 5109 5133 5209 5233 5246 5256 5277 5308 5379 5422 5440 5447 5452 5480 5498 5510 5575 5653 5663 5667 5673 5675 5684 5690 5691 5697 5703 5705 5707 5715 5716 5722 5724 5731 5734 5735 5738 5740 5746 5749 5754 5758 5770 5772 5779 5780 5786 5791 5797 5805 5810 5816 5827 5837 5842 5843 5848 5864 5869 5870 5873 5881 5884 5890 5898 5903 5927 5940 5945 5958 5978 5985 5995 5998 6020 6035 6039 6047 6058 6068 6073 6074 6080 6084 6097 6108 6112 6126 6129 6141 6149 6168 6184 6196 6203 6209 6220 6221 6228 6254 6255 6259 6268 6271 6275 6289 6290 6300 6308 6312 6322 6323 6332 6337 6338 6342 6354 6360 6367 6368 6369 6398 6402 6408 6417 6422 6430 6436 6437 6438 6457 6473 6481 6494 6496 6501 6507 6508 6509 6531 6546 6547 6561 6562 6569 6574 6590 6596 6604 6606 6620 6621 6631 6642 6648 6660 6667 6687 6688 6690 6707 6729 6730 6745 6797 6798 6833 6853 11089 
	}
	buildings_max_level_factor = 1.000
	manpower = 5144194
	state_category = town
}
