state = {
	id = 60
	name = "STATE_60"
	resources = {
		oil = 8
		aluminium = 8
		rubber = 8
		tungsten = 8
		steel = 8
		chromium = 8
	}
	history = {
		owner = SRF
		add_core_of = SRF
		victory_points = {
			9493 10
		}
		buildings = {
			infrastructure = 3
			industrial_complex = 2
			arms_factory = 1
		}
	}
	provinces = {
		49 116 149 161 324 357 471 501 533 664 786 823 856 951 992 1018 1043 1054 1244 1354 1427 1442 1503 1552 1568 1597 1620 1628 1675 1676 1697 1699 1716 1807 1829 1866 1932 1956 2109 2116 2223 2224 2333 2360 2457 2492 2506 2670 2683 2714 2884 2946 2960 3101 3170 3214 3267 3297 3358 3363 3369 3461 3470 3691 3753 3771 3850 3858 3917 3971 4003 4033 4046 4055 4074 4080 4086 4149 4267 4305 4385 4397 4467 4473 4721 4797 4943 5222 5305 5373 5545 5560 9200 9220 9258 9262 9293 9304 9309 9322 9327 9328 9348 9351 9358 9378 9382 9391 9392 9393 9403 9412 9413 9425 9428 9441 9451 9486 9487 9493 9501 9514 9515 9534 9535 9541 9542 9563 9564 9584 9585 9589 9590 9600 9610 9611 9612 9614 9622 9632 9633 9637 9644 9663 9668 9679 9692 9708 9716 9741 9750 9754 9759 9775 9782 9787 9806 9810 9819 9820 9821 9826 9834 9842 9847 9850 9855 9867 9871 9875 9893 9894 9895 9902 9903 9908 9910 9930 9934 9937 9962 9969 9972 9993 11090 
	}
	buildings_max_level_factor = 1.000
	manpower = 2967184
	state_category = town
}
