state = {
	id = 61
	name = "STATE_61"
	resources = {
		oil = 8
		aluminium = 8
		rubber = 8
		tungsten = 8
		steel = 8
		chromium = 8
	}
	history = {
		owner = SRF
		add_core_of = SRF
		victory_points = {
			3413 10
		}
		buildings = {
			infrastructure = 3
			industrial_complex = 2
			arms_factory = 1
		}
	}
	provinces = {
		114 177 236 239 278 321 363 413 458 550 661 737 747 768 824 883 962 997 1073 1114 1148 1317 1374 1380 1470 1561 1826 1845 1864 1998 2005 2016 2020 2151 2153 2158 2167 2317 2364 2486 2648 2674 2709 2710 2868 2871 2872 2927 2974 2997 3060 3073 3136 3165 3360 3413 3442 3462 3496 3523 3606 3690 3703 3810 3854 3910 4026 4035 4060 4081 4134 4214 4258 4273 4413 4430 4589 4605 4619 4629 4656 4667 4879 4992 5105 5211 5439 5471 5528 9240 9292 9295 9303 9335 9336 9340 9346 9370 9381 9385 9386 9401 9411 9437 9438 9444 9456 9460 9466 9492 9500 9508 9509 9522 9528 9532 9533 9547 9551 9582 9583 9594 9604 9626 9630 9635 9639 9640 9642 9647 9648 9661 9662 9673 9678 9687 9693 9701 9705 9718 9762 9767 9768 9771 9781 9790 9794 9802 9803 9809 9818 9831 9832 9840 9841 9860 9861 9866 9877 9878 9898 9899 9906 9909 9926 9946 9961 9974 9980 
	}
	buildings_max_level_factor = 1.000
	manpower = 2725294
	state_category = town
}
