state = {
	id = 62
	name = "STATE_62"
	resources = {
		oil = 8
		aluminium = 8
		rubber = 8
		tungsten = 8
		steel = 8
		chromium = 8
	}
	history = {
		owner = RLD
		add_core_of = RLD
		victory_points = { 9727 10 }
		victory_points = { 541 5 }
		buildings = {
			infrastructure = 3
			industrial_complex = 2
			arms_factory = 1
			541 = {
				naval_base = 5
			}
		}
	}
	provinces = {
		105 145 157 233 310 313 336 345 373 541 655 703 712 742 756 795 803 821 882 1175 1226 1260 1292 1310 1461 1589 1603 1678 1728 1813 1880 1901 2041 2242 2305 2315 2396 2438 2516 2574 2715 2740 2764 2795 2885 3094 3110 3137 3329 3370 3416 3492 3508 3584 3605 3633 3680 3722 3820 3893 3961 3996 4201 4257 4362 4384 4389 4441 4507 4592 4738 4802 4830 4872 4888 4996 5036 5080 5122 5216 5224 5261 5437 5442 5503 5523 5529 5538 9326 9375 9396 9409 9426 9442 9443 9457 9465 9477 9489 9502 9503 9504 9517 9518 9523 9524 9537 9544 9545 9566 9567 9568 9570 9592 9601 9606 9607 9617 9631 9650 9653 9659 9665 9666 9669 9689 9697 9698 9709 9712 9727 9730 9731 9736 9743 9747 9755 9756 9757 9783 9784 9785 9788 9789 9800 9811 9814 9815 9817 9835 9848 9864 9887 9900 9901 9918 9924 9925 9932 9943 9945 9958 9975 9990 10023 646 5343 2415 9453 3766 9380 3621 9329 3651 1779 9947 10042 10055
	}
	buildings_max_level_factor = 1.000
	manpower = 2870428
	state_category = town
}
