state = {
	id = 67
	name = "STATE_67"
	resources = {
		oil = 8
		aluminium = 8
		rubber = 8
		tungsten = 8
		steel = 8
		chromium = 8
	}
	history = {
		owner = DRR
		add_core_of = DRR
		victory_points = {
			9991 10
		}
		buildings = {
			infrastructure = 3
			industrial_complex = 2
			arms_factory = 1
			10018 = {
				naval_base = 5
			}
		}
	}
	provinces = {
		1 13 16 33 43 121 237 247 252 267 274 306 374 405 443 467 499 513 532 752 773 798 843 853 872 881 899 908 1068 1080 1182 1206 1225 1234 1237 1248 1282 1347 1348 1358 1381 1384 1394 1465 1477 1570 1583 1612 1638 1648 1710 1713 1817 1963 2026 2089 2123 2129 2135 2162 2235 2241 2273 2357 2370 2432 2437 2456 2465 2520 2591 2680 2701 2733 2785 2819 2851 2858 2892 2949 3031 3038 3093 3269 3310 3325 3406 3414 3485 3503 3547 3618 3622 3641 3953 3993 4039 4072 4088 4169 4202 4222 4374 4433 4438 4528 4548 4841 4848 4931 4963 5038 5079 5103 5106 5149 5166 5325 5395 5400 5473 5576 9618 9683 9728 9769 9772 9776 9777 9807 9808 9838 9852 9853 9859 9868 9872 9876 9881 9882 9888 9889 9896 9897 9904 9912 9914 9915 9919 9921 9922 9935 9938 9939 9941 9948 9949 9950 9953 9959 9966 9970 9973 9976 9984 9987 9988 9989 9991 9995 9996 9999 10000 10003 10004 10005 10008 10018 10024 10027 10031 10035 10039 10040 10043 10044 10047 10048 10056 10060 10065 10075 10081 10082 10092 10096 10100 10103 10109 10112 10116 10117 10120 10122 10123 10133 10134 10137 10144 10145 10147 10149 10169 10173 10179 10214 10220 10223 10240 10244 9983 9951 3579 5141 25 11077 11088
	}
	buildings_max_level_factor = 1.000
	manpower = 3628350
	state_category = town
}
