state = {
	id = 7
	name = "STATE_7"
	resources = {
		oil = 8
		aluminium = 8
		rubber = 8
		tungsten = 8
		steel = 8
		chromium = 8
	}
	history = {
		owner = SRF
		add_core_of = SRF
		victory_points = {
			5120 10
		}
		victory_points = { 10437 5 }
		buildings = {
			infrastructure = 3
			industrial_complex = 2
			arms_factory = 1
			10437 = {
				naval_base = 5
			}
		}
	}
	provinces = {
		12 39 134 191 392 411 526 565 611 622 631 642 672 731 801 976 981 983 1023 1038 1089 1112 1122 1203 1209 1251 1302 1309 1382 1481 1573 1708 1754 1876 1948 2080 2120 2185 2234 2345 2420 2476 2496 2572 2617 2658 2731 2791 2806 2808 2855 2935 2952 3009 3084 3420 3444 3466 3509 3582 3789 3790 3799 3852 3900 4010 4085 4092 4251 4293 4511 4521 4556 4703 4800 4892 5120 5131 5135 5203 5229 5276 5418 10184 10200 10201 10202 10213 10222 10233 10234 10246 10249 10254 10255 10262 10265 10267 10274 10278 10279 10286 10287 10303 10304 10312 10314 10315 10316 10319 10322 10325 10330 10333 10338 10340 10342 10343 10350 10351 10357 10358 10369 10376 10380 10381 10384 10391 10393 10400 10404 10406 10408 10412 10414 10415 10416 10421 10422 10423 10427 10429 10431 10434 10435 10437 168 143 10443 3719
	}
	buildings_max_level_factor = 1.000
	manpower = 2418900
	state_category = town
}
