state = {
	id = 70
	name = "STATE_70"
	resources = {
		oil = 8
		aluminium = 8
		rubber = 8
		tungsten = 8
		steel = 8
		chromium = 8
	}
	history = {
		owner = SRF
		add_core_of = SRF
		victory_points = {
			4472 10
		}
		victory_points = { 10324 5 }
		buildings = {
			infrastructure = 3
			industrial_complex = 2
			arms_factory = 1
			10324 = {
				naval_base = 5
			}
		}
	}
	provinces = {
		44 155 322 364 390 468 535 585 654 658 680 791 815 839 900 982 1142 1173 1256 1272 1454 1512 1528 1530 1591 1615 1656 1679 1720 1722 1860 1923 1955 1962 2006 2060 2122 2131 2237 2264 2308 2329 2414 2485 2502 2578 2620 2668 2788 2809 2826 2894 2993 3145 3192 3264 3305 3357 3409 3484 3526 3533 3588 3675 3694 3807 3898 3906 3982 4188 4314 4402 4410 4472 4504 4561 4573 4631 4737 4759 4839 4984 5030 5190 5326 5344 5359 5406 5487 5493 9907 9929 9940 9955 9956 9977 9981 9982 10001 10011 10015 10016 10025 10037 10038 10051 10057 10063 10068 10080 10083 10086 10102 10105 10110 10113 10119 10121 10126 10130 10131 10132 10155 10156 10159 10160 10165 10180 10188 10192 10219 10224 10247 10250 10257 10270 10280 10305 10318 10324 10327 10355 10359 10363 10370 10371 10375 10382 10383 10397 10413 10420 10394 2942
	}
	buildings_max_level_factor = 1.000
	manpower = 2483404
	state_category = town
}
