state = {
	id = 82
	name = "STATE_82"
	resources = {
		oil = 8
		aluminium = 8
		rubber = 8
		tungsten = 8
		steel = 8
		chromium = 8
	}
	history = {
		owner = KAS
		add_core_of = KAS
		victory_points = {
			4564 10
		}
		buildings = {
			infrastructure = 3
			industrial_complex = 2
			arms_factory = 1
		}
	}
	provinces = {
		15 93 201 342 391 448 515 544 546 749 805 869 1097 1103 1128 1192 1199 1262 1265 1281 1386 1490 1499 1508 1511 1604 1664 1902 2230 2309 2351 2377 2402 2433 2488 2508 2688 2719 2737 2824 2938 3050 3096 3120 3471 3501 3505 3612 3678 3772 3880 3938 3992 4068 4133 4174 4376 4411 4564 4734 4752 4806 4840 4852 4886 5082 5092 5197 5227 5260 5297 5381 5491 5527 6773 6817 6837 6848 6855 6862 6872 6873 6882 6893 6900 6915 6916 6933 6943 6945 6952 6955 6964 6974 6986 6988 6994 6999 7009 7010 7012 7013 7014 7015 7050 7056 7057 7060 7061 7069 7090 7095 7096 7105 7109 7113 7125 7157 7158 7171 7177 7182 7183 7186 7196 7197 7205 7212 7215 7226 7251 7252 7253 7254 7258 7288 7305 7321 7345 7367 7382 7392 
	}
	buildings_max_level_factor = 1.000
	manpower = 2289892
    state_category = town
}
