state = {
	id = 83
	name = "STATE_83"
	resources = {
		oil = 8
		aluminium = 8
		rubber = 8
		tungsten = 8
		steel = 8
		chromium = 8
	}
	history = {
		owner = KAS
		add_core_of = KAS
		victory_points = {
			3775 10
		}
		buildings = {
			infrastructure = 3
			industrial_complex = 2
			arms_factory = 1
		}
	}
	provinces = {
		57 92 171 209 248 356 360 409 493 514 579 732 736 779 820 861 1014 1109 1119 1144 1196 1252 1295 1633 1636 1681 1774 1809 1883 2018 2138 2164 2175 2236 2371 2405 2444 2501 2515 2522 2531 2532 2626 2642 2689 2801 2815 2888 2948 3291 3334 3452 3514 3559 3564 3568 3585 3775 3811 3816 3827 3925 3962 4279 4313 4576 4600 4687 4972 5097 5116 5164 5280 5320 5393 5590 6282 6297 6304 6329 6333 6345 6353 6355 6357 6372 6376 6391 6406 6413 6419 6424 6442 6446 6450 6464 6466 6467 6483 6488 6500 6502 6534 6537 6541 6545 6550 6554 6556 6560 6579 6583 6595 6600 6612 6613 6619 6626 6629 6636 6637 6638 6668 6673 6674 6675 6695 6706 6720 6727 6734 6752 6753 6756 6763 6764 6772 6774 6793 6806 6807 6810 6813 6824 6830 6851 6861 
	}
	buildings_max_level_factor = 1.000
	manpower = 2370522
	state_category = town
}
