state = {
	id = 9
	name = "STATE_9"
	resources = {
		oil = 8
		aluminium = 8
		rubber = 8
		tungsten = 8
		steel = 8
		chromium = 8
	}
	history = {
		owner = KAS
		add_core_of = KAS
		victory_points = {
			2094 10
		}
		victory_points = { 718 5 }
		buildings = {
			infrastructure = 3
			industrial_complex = 2
			arms_factory = 1
			718 = {
				naval_base = 2
			}
		}
	}
	provinces = {
		7 14 128 227 258 270 298 378 389 414 446 481 484 517 521 540 580 596 643 709 718 734 832 841 845 884 916 960 964 1108 1124 1138 1146 1155 1255 1325 1365 1392 1478 1521 1577 1610 1632 1659 1787 1862 1906 1918 1937 1985 2002 2050 2087 2094 2099 2140 2203 2221 2318 2551 2644 2706 2813 2843 2873 2910 2937 2975 3024 3030 3045 3089 3188 3223 3332 3349 3353 3382 3399 3448 3565 3575 3586 3637 3688 3695 3699 3714 3736 3754 3870 3882 3947 4077 4091 4095 4165 4266 4280 4328 4345 4378 4446 4452 4457 4533 4551 4615 4637 4710 4730 4747 4816 4826 4912 4922 4925 4942 4976 5013 5021 5074 5117 5145 5156 5194 5213 5271 5408 5433 5481 5512 5730 5739 5760 5762 5785 5790 5792 5793 5803 5807 5814 5815 5818 5819 5820 5828 5834 5836 5841 5845 5854 5855 5859 5863 5865 5867 5876 5880 5883 5897 5902 5908 5912 5916 5925 5926 5928 5929 5935 5939 5943 5944 5947 5949 5953 5956 5957 5965 5967 5968 5969 5977 5984 5989 5993 5994 5997 6005 6006 6013 6016 6017 6019 6025 6029 6030 6037 6038 6042 6049 6050 6053 6054 6057 6063 6064 6066 6067 6072 6078 6079 6081 6082 6083 6101 6102 6107 6118 6146 6148 6164 6191 6202 6207 6208 6219 6234 6248 5809 3232 5804 5840
	}
	buildings_max_level_factor = 1.000
	manpower = 3773250
	state_category = town
}
