1 81 
1 150 
1 216 
1 562 
1 822 
1 934 
1 938 
1 1279 
1 1726 
1 1766 
1 2082 
1 2092 
1 2094 
1 2471 
1 2498 
1 2541 
1 3198 
1 3397 
1 3413 
1 3432 
1 3775 
1 3919 
1 4104 
1 4463 
1 4468 
1 4472 
1 4502 
1 4564 
1 4986 
1 5120 
1 5128 
1 5154 
1 5588 
1 5633 
1 5713 
1 6046 
1 6472 
1 6809 
1 7080 
1 7111 
1 7341 
1 7376 
1 7379 
1 7490 
1 8050 
1 8244 
1 8262 
1 8292 
1 8499 
1 8559 
1 8661 
1 8963 
1 9493 
1 9700 
1 9727 
1 9991 
1 10064 
1 10337 
1 10450 
1 10216
1 10321
1 4546
1 4399
1 7767
1 577